{
  "matrixA": [
    [ 5.93, 1.12, 0.95, 1.32, 0.83 ],
    [ 1.12, 3.53, 2.12, 0.57, 0.91 ],
    [ 0.95, 2.12, 6.88, 1.29, 1.57 ],
    [ 1.32, 0.57, 1.29, 3.82, 1.25 ],
    [ 0.83, 0.91, 1.57, 1.25, 5.96 ]
  ],
  "vectorB": [
    7.24,
    3.21,
    3.23,
    6.25,
    6
  ],
  "matrixAd": [    
    [ 5.93, 1.12, 0.95, 1.32, 0.83 ],
    [ 0, 3.32, 1.94, 0.321, 0.753 ],
    [ 0, 1.94, 6.73, 1.08, 1.44 ],
    [ 0, 0.321, 1.08, 3.53, 1.07 ],
    [ 0, 0.753, 1.44, 1.07, 5.84 ]
  ],
  "vectorBd": [
    7.24,
    1.84,
    2.07,
    4.64,
    4.99
  ],
  "accuracy": 6,
  "koff": 3, 
  "alpha": 0.75,
  "beta": 1.05
}